-4.858029999999999848e-01 0.000000000000000000e+00 9.999999999999999547e-07
-4.699300000000000144e-01 0.000000000000000000e+00 9.999999999999999547e-07
-4.540569999999999884e-01 0.000000000000000000e+00 9.999999999999999547e-07
-4.381840000000000179e-01 0.000000000000000000e+00 9.999999999999999547e-07
-4.223109999999999919e-01 0.000000000000000000e+00 9.999999999999999547e-07
-4.064380000000000215e-01 0.000000000000000000e+00 9.999999999999999547e-07
-3.905649999999999955e-01 0.000000000000000000e+00 9.999999999999999547e-07
-3.746920000000000250e-01 0.000000000000000000e+00 9.999999999999999547e-07
-3.588189999999999991e-01 0.000000000000000000e+00 9.999999999999999547e-07
-3.429459999999999731e-01 0.000000000000000000e+00 9.999999999999999547e-07
-3.270730000000000026e-01 0.000000000000000000e+00 9.999999999999999547e-07
-3.111999999999999766e-01 9.999999999940611950e-09 9.999999999999999547e-07
-2.953259999999999774e-01 4.000000000019612867e-08 9.999999999999999547e-07
-2.794530000000000070e-01 7.999999999995857647e-08 9.999999999999999547e-07
-2.635799999999999810e-01 1.599999999999171529e-07 9.999999999999999547e-07
-2.477070000000000105e-01 2.900000000000124700e-07 9.999999999999999547e-07
-2.318340000000000123e-01 4.599999999998702349e-07 9.999999999999999547e-07
-2.159609999999999863e-01 6.400000000001022926e-07 9.999999999999999547e-07
-2.000879999999999881e-01 7.900000000000788336e-07 9.999999999999999547e-07
-1.842149999999999899e-01 8.299999999998412814e-07 9.999999999999999547e-07
-1.683419999999999916e-01 6.899999999998053524e-07 9.999999999999999547e-07
-1.524689999999999934e-01 2.999999999999530820e-07 9.999999999999999547e-07
-1.365959999999999952e-01 -3.500000000000898226e-07 9.999999999999999547e-07
-1.207229999999999970e-01 -8.999999999998592459e-07 9.999999999999999547e-07
-1.048499999999999988e-01 1.400000000000359290e-07 9.999999999999999547e-07
-8.897650000000000003e-02 1.375000000000074080e-06 9.999999999999999547e-07
-7.310350000000000181e-02 8.970000000000071666e-06 9.999999999999999547e-07
-5.723040000000000072e-02 4.749999999999979933e-06 9.999999999999999547e-07
-4.135729999999999962e-02 1.762999999999981596e-05 9.999999999999999547e-07
-2.548419999999999852e-02 2.238500000000019988e-05 9.999999999999999547e-07
-9.611190000000000358e-03 5.052500000000004904e-05 9.999999999999999547e-07
6.274550000000000266e-03 2.527649999999998474e-04 -4.260659999999999454e-06
2.217560000000000017e-02 -8.421000000000036095e-05 -1.355974999999999837e-05
3.805809999999999749e-02 1.331999999999999851e-04 -3.905209999999999326e-06
5.396714999999999846e-02 -6.684499999999983857e-05 9.999999999999999547e-07
6.986995000000000011e-02 -2.602550000000000349e-04 9.999999999999999547e-07
8.576849999999999752e-02 -3.670899999999996041e-04 9.999999999999999547e-07
1.016720000000000124e-01 -1.471600000000003461e-04 9.999999999999999547e-07
1.175509999999999888e-01 6.502249999999995013e-04 9.999999999999999547e-07
1.333540000000000003e-01 2.471019999999999987e-03 9.999999999999999547e-07
1.489515000000000144e-01 5.591765000000000277e-03 9.999999999999999547e-07
1.639665000000000150e-01 1.085224999999999905e-02 9.999999999999999547e-07
1.780090000000000006e-01 1.838530000000000025e-02 9.999999999999999547e-07
1.897010000000000085e-01 2.924809999999999910e-02 9.999999999999999547e-07
1.985615000000000019e-01 4.253250000000000086e-02 9.999999999999999547e-07
2.017035000000000078e-01 5.822220000000000173e-02 9.999999999999999547e-07
2.005144999999999844e-01 7.423194999999999100e-02 9.999999999999999547e-07
1.916295000000000082e-01 8.761444999999999650e-02 9.999999999999999547e-07
1.793890000000000207e-01 9.795924999999999772e-02 9.999999999999999547e-07
1.640284999999999938e-01 1.023849500000000023e-01 9.999999999999999547e-07
1.481220000000000037e-01 1.033080999999999999e-01 9.999999999999999547e-07
1.324990000000000057e-01 1.001821999999999990e-01 9.999999999999999547e-07
1.175660000000000038e-01 9.467209999999999515e-02 9.999999999999999547e-07
1.038328000000000029e-01 8.670150000000000079e-02 9.999999999999999547e-07
9.108900000000000330e-02 7.718194999999999917e-02 9.999999999999999547e-07
7.920520000000000338e-02 6.656834999999999836e-02 9.999999999999999547e-07
6.801750000000000851e-02 5.522285000000000388e-02 9.999999999999999547e-07
5.736389999999999545e-02 4.327029999999999765e-02 9.999999999999999547e-07
4.692944999999999756e-02 3.101614999999999928e-02 9.999999999999999547e-07
3.686684999999999962e-02 1.838924999999999935e-02 5.106318200000000004e-05
2.685955000000000287e-02 5.733484999999999970e-03 1.252779999999999888e-04
1.724089999999999998e-02 -7.142894999999999800e-03 1.229880000000000090e-04
7.823474999999999874e-03 -2.011840000000000156e-02 6.583071350000000171e-06
-1.337185000000000283e-03 -3.300070000000000087e-02 9.999999999999999547e-07
